2.00
4.80
4.17
3.71
3.56
3.30
3.25
3.08
2.93
2.94
2.82
2.97
3.24
3.32
3.30
3.21
3.14
3.07
3.02
2.95
2.90
2.84
4.05
3.98
3.91
3.91
3.92
3.86
3.80
3.75
3.70
3.67
3.62
3.64
3.60
3.55
3.62
3.68
3.64
3.61
3.59
3.77
3.74
3.70
3.71
3.72
3.69
3.73
3.70
3.67
3.66
3.63
3.60
3.59
3.56
3.57
3.55
3.52
3.50
3.47
3.48
3.53
3.50
3.48
3.46
3.45
3.43
3.45
3.49
3.56
3.55
3.56
3.56
3.55
3.53
3.51
3.50
3.49
3.47
3.45
3.44
3.42
3.40
3.39
3.37
3.36
3.34
3.32
3.31
3.34
3.33
3.32
3.30
3.31
3.33
3.31
3.30
3.28
3.29
3.30
3.29
3.30
3.30
3.29
3.28
3.28
3.31
3.30
3.28
3.27
3.28
3.28
3.27
3.28
3.26
3.31
3.30
3.37
3.36
3.35
3.36
3.35
3.34
3.33
3.32
3.31
3.30
3.29
3.28
3.27
3.27
3.29
3.30
3.29
3.31
3.30
3.30
3.29
3.28
3.27
3.26
3.26
3.28
3.28
3.27
3.27
3.28
3.28
3.27
3.26
3.27
3.28
3.28
3.30
3.29
3.28
3.27
3.27
3.26
3.28
3.27
3.26
3.26
3.25
3.25
3.24
3.23
3.23
3.22
3.32
3.31
3.31
3.38
3.37
3.37
3.37
3.37
3.36
3.36
3.35
3.34
3.36
3.36
3.35
3.35
3.34
3.31
3.35
3.36
3.36
3.36
3.36
3.42
3.43
3.43
3.55
3.54
3.54
3.53
3.54
3.57
3.57
3.61
3.61
3.61
3.64
3.66
3.65
3.71
3.70
3.72
3.72
3.58
3.57
3.57
3.60
3.59
3.62
3.62
3.63
3.63
3.66
3.66
3.66
3.65
3.68
3.70
3.70
3.71
3.75
3.76
3.75
3.74
3.74
3.73
3.84
3.85
3.87
3.86
3.86
3.89
3.90
3.89
3.89
3.89
3.88
3.93
3.97
3.98
4.00
4.00
4.02
4.01
4.05
4.04
4.02
4.02
4.04
4.04
4.05
4.05
4.04
4.10
4.12
4.12
4.11
4.12
4.13
4.13
4.14
4.14
4.13
4.13
4.13
4.13
4.14
4.14
4.18
4.18
4.19
4.18
4.17
4.21
4.23
4.23
4.21
4.20
4.19
4.18
4.19
4.19
4.20
4.21
4.24
4.26
4.27
4.28
4.28
4.30
4.31
4.31
4.35
4.35
4.33
4.32
4.34
4.39
4.41
4.41
4.43
4.43
4.42
4.40
4.41
4.39
4.39
4.40
4.48
4.49
4.51
4.53
4.54
4.56
4.55
4.55
4.59
4.59
4.59
4.60
4.59
4.60
4.61
4.62
4.62
4.61
4.62
4.61
4.70
4.72
4.72
4.79
4.79
4.82
4.80
4.79
4.79
4.77
4.81
4.82
4.84
4.84
4.83
4.83
4.82
4.80
4.79
4.81
4.82
4.81
4.79
4.79
4.80
4.84
4.87
4.86
4.86
4.94
4.92
5.03
5.01
5.05
5.05
4.97
4.95
4.94
4.94
4.95
5.03
5.01
5.01
5.05
5.15
5.16
5.27
5.25
5.23
5.33
5.31
5.32
5.32
5.38
5.37
5.40
5.43
5.42
5.43
5.45
5.49
5.47
5.42
5.43
5.48
5.48
5.48
5.46
5.73
5.71
5.69
5.70
5.82
5.86
5.88
5.96
5.95
6.00
5.98
5.98
5.95
5.93
5.92
6.01
6.00
6.04
6.21
6.22
6.29
6.26
6.24
6.21
6.34
6.33
6.31
6.31
6.29
6.33
6.33
6.38
6.35
6.42
6.50
6.61
6.75
6.75
6.71
6.68
6.68
6.73
6.74
6.70
6.66
6.80
6.76
6.72
6.82
6.97
7.03
7.08
7.27
7.37
7.36
7.30
7.25
7.20
7.42
7.51
7.52
7.48
7.87
7.91
7.87
8.19
8.14
8.63
8.58
8.51
8.51
8.49
8.58
8.72
8.78
8.71
8.71
8.67
8.76
8.71
8.64
8.59
8.53
8.46
8.55
8.58
8.63
8.56
8.49
8.65
8.75
9.03
8.99
9.33
9.34
9.25
9.16
9.06
9.22
9.23
9.20
9.15
9.25
9.20
9.32
9.25
9.76
9.65
9.74
9.90
9.98
9.90
9.90
10.04
10.01
10.40
10.32
10.19
10.31
10.34
10.85
11.02
10.93
11.29
11.38
11.52
12.49
12.33
12.80
12.57
12.35
12.77
12.96
12.83
13.40
13.15
13.17
13.04
13.20
13.44
13.25
13.16
13.20
12.98
12.99
13.06
13.53
13.61
13.46
13.27
13.87
13.98
13.87
14.31
14.33
13.99
13.70
13.56
13.29
13.54
13.48
13.64
13.74
14.27
14.05
13.84
13.84
13.86
13.85
14.29
14.18
14.12
14.05
13.92
13.68
13.42
13.38
13.19
13.29
14.02
14.07
14.06
13.85
13.71
13.56
13.64
